Date,dsp_toxins,dsp_phyto,mean_sst,mean_chl,mean_temp,max_temp,min_temp,mean_wind_intensity,wind_dir,rainfall
2015-01-11,20.0,80.0,287.7257080078125,5.183444976806641,8.142857142857142,14.32857142857143,3.157142857142857,3.042857142857143,1.285714285714286,0.01428571428571429
2015-01-18,16.0,20.0,287.4214172363281,1.244611978530884,10.41428571428571,15.32857142857143,4.728571428571429,2.4,3.142857142857143,7.557142857142857
2015-01-25,36.0,20.0,287.0599975585938,0.8937345743179321,9.885714285714286,15.52857142857143,3.914285714285714,2.457142857142858,6.0,1.242857142857143
2015-02-01,19.0,80.0,286.9528503417969,1.082340478897095,10.38571428571429,16.31428571428571,4.828571428571428,2.571428571428572,5.571428571428571,0.9714285714285713
2015-02-08,36.0,200.0,286.4142761230469,0.9847320318222046,8.557142857142859,13.8,2.642857142857143,3.042857142857142,4.714285714285714,0.6
2015-02-15,33.0,20.0,286.5271301269531,0.7468331456184387,10.45714285714286,15.58571428571429,5.8,2.557142857142857,2.571428571428572,0.7714285714285715
2015-02-22,29.333333333333332,120.0,286.6122741699219,0.9269100576639175,9.821428571428575,15.307142857142857,4.423809523809523,2.5523809523809526,4.023809523809525,2.688095238095238
2015-03-01,34.5,120.0,286.6974182128906,3.0459964126348495,10.517857142857146,15.975,4.221428571428571,2.70952380952381,4.809523809523809,1.430952380952381
2015-03-08,32.5,120.0,286.7825622558594,3.1609980016946793,11.164285714285715,16.885714285714286,7.014285714285714,2.630952380952381,4.523809523809524,1.2238095238095237
2015-03-15,30.0,120.0,286.8677062988281,5.998945996165276,12.921428571428573,19.564285714285717,7.242857142857142,2.642857142857143,4.314285714285715,1.2742857142857142
2015-03-22,32.0,20.0,286.9528503417969,9.37007999420166,12.67142857142857,18.2,8.228571428571428,2.285714285714286,2.142857142857143,4.985714285714286
2015-03-29,28.0,20.0,287.2085571289062,1.542346835136414,12.97142857142857,19.95714285714286,6.257142857142857,3.342857142857143,7.857142857142857,0.01428571428571429
2015-04-05,23.0,20.0,287.9728393554688,12.33652400970459,15.58571428571429,24.51428571428571,6.842857142857143,1.985714285714286,4.285714285714286,0.0
2015-04-12,27.666666666666668,120.0,288.1585540771485,7.749650279680888,13.742857142857142,20.89047619047619,7.10952380952381,2.5380952380952384,4.761904761904762,1.6666666666666667
2015-04-19,25.5,120.0,288.3442687988282,7.749650279680888,13.742857142857142,20.89047619047619,6.550000000000001,2.5380952380952384,4.761904761904762,1.6666666666666667
2015-04-26,23.0,120.0,288.52998352050787,6.939435422420502,14.278571428571428,22.235714285714288,6.842857142857144,2.5380952380952384,4.761904761904762,1.6666666666666667
2015-05-03,25.38888888888889,120.0,288.71569824218756,12.33652400970459,15.585714285714289,24.514285714285716,6.834126984126985,2.6642857142857146,6.071428571428572,0.0071428571428571175
2015-05-10,24.25,120.0,288.90141296386724,8.693814997871716,14.3375,22.132738095238096,6.696428571428572,1.9857142857142858,4.2857142857142865,0.0
2015-05-17,23.000000000000004,120.0,289.08712768554693,9.008536570601992,14.535714285714286,22.5468253968254,6.842857142857143,2.452857142857143,4.928571428571429,1.0014285714285716
2015-05-24,24.212962962962965,120.0,289.2728424072266,9.637979716062542,14.93214285714286,23.375000000000007,6.791137566137567,2.4315476190476186,4.970238095238095,0.8351190476190478
2015-05-31,23.625000000000007,120.0,289.4585571289063,12.336524009704585,15.58571428571429,24.514285714285727,6.769642857142857,2.3960317460317455,5.039682539682539,0.5579365079365082
2015-06-07,23.000000000000014,120.0,289.64427185058594,10.787476390269065,16.052500000000002,24.550912698412706,6.8428571428571425,2.3249999999999993,5.178571428571428,0.003571428571428892
2015-06-14,67.70949074074075,120.0,289.8299865722656,11.38314179645644,17.302857142857142,25.9636507936508,8.129480820105819,2.035714285714286,6.071428571428571,0.0
2015-06-21,110.53125,120.0,290.0157012939453,11.777385393116205,18.49555555555556,27.216984126984137,9.491071428571427,2.089285714285715,7.571428571428571,0.0
2015-06-28,200.0,120.0,290.201416015625,14.26052665710449,20.871428571428574,30.18571428571429,12.11428571428571,2.0674603174603177,7.317460317460317,0.0
2015-07-05,195.5,120.0,290.3871307373047,11.672142028808592,20.589285714285715,29.196428571428577,12.237499999999997,2.010416666666667,7.0148809523809526,0.0
2015-07-12,200.0,120.0,290.5728454589844,10.979754553900824,20.49920634920635,28.813492063492067,12.11428571428571,2.0857142857142863,7.857142857142857,0.0
2015-07-19,191.0,120.0,290.75856018066406,14.26052665710449,20.871428571428574,30.18571428571429,12.360714285714282,2.0928571428571434,7.285714285714286,0.0
2015-07-26,200.0,120.0,290.94427490234375,9.083757400512694,20.307142857142857,28.207142857142863,12.11428571428571,2.0238095238095237,6.809523809523809,0.0
2015-08-02,182.0,120.0,291.12998962402344,9.594979604085287,20.31904761904762,28.04761904761905,12.607142857142854,1.839285714285714,6.107142857142857,0.0
2015-08-09,200.0,400.0,291.3157043457031,14.26052665710449,20.87142857142857,30.18571428571429,12.11428571428571,2.085714285714286,7.857142857142857,0.0
2015-08-16,164.0,20.0,290.97998046875,3.906988143920898,19.74285714285714,26.22857142857143,13.1,2.1,6.714285714285714,0.0
2015-08-23,127.0,360.0,290.9685668945312,10.61742401123047,20.34285714285715,27.72857142857143,12.95714285714286,1.885714285714285,5.857142857142857,0.0
2015-08-30,180.0,80.0,291.7314147949219,5.559564590454102,20.15714285714285,25.68571428571429,13.31428571428572,1.285714285714285,4.0,0.0
2015-09-06,142.5,360.0,291.3500061035156,6.653186798095703,18.81428571428572,25.3,12.25714285714286,2.228571428571429,5.857142857142857,0.0
2015-09-13,250.0,320.0,290.9071350097656,9.721031188964844,17.9,25.28571428571429,10.15714285714286,1.514285714285714,5.714285714285714,0.0
2015-09-20,850.0,3320.0,291.1128540039062,2.992772340774536,17.88571428571429,25.5,8.966666666666667,2.085714285714286,3.857142857142857,0.0
2015-09-27,850.0,1520.0,291.221435546875,2.992916584014893,17.2,26.17142857142857,8.642857142857142,1.371428571428571,5.142857142857143,0.0
2015-10-04,650.0,120.0,291.4739303588867,5.415714979171753,17.792,25.01142857142857,9.255555555555558,1.906530612244898,4.477551020408163,5.4857142857142875
2015-10-11,599.0,120.0,291.72642517089844,4.320741581916809,17.426285714285715,24.094285714285714,10.009841269841269,2.026938775510204,4.273469387755102,4.860714285714287
2015-10-18,340.3333333333333,120.0,291.97891998291016,2.662782406806946,17.406285714285715,23.48857142857143,11.278095238095238,2.077959183673469,3.6408163265306124,3.8885714285714292
2015-10-25,97.0,50.0,292.2314147949219,4.718667984008789,17.16,22.8,12.42,2.36,1.2,3.0
2015-11-01,74.0,20.0,291.6957092285156,1.178319811820984,16.98571428571428,20.71428571428572,12.77142857142857,2.5,5.571428571428571,13.45714285714286
2015-11-08,50.0,20.0,291.5614318847656,1.431235313415527,17.8,22.25714285714286,12.67142857142857,2.128571428571429,2.571428571428572,2.985714285714285
2015-11-15,44.0,20.0,291.8442687988281,5.066397190093994,15.35714285714286,22.7,9.157142857142857,2.585714285714285,1.428571428571429,0.0
2015-11-22,44.0,20.0,291.3042907714844,3.547715902328491,12.72857142857143,19.58571428571429,6.42857142857143,1.528571428571428,5.0,0.2714285714285715
2015-11-29,44.0,20.0,290.1585693359375,4.843006134033203,12.57142857142857,18.98571428571429,5.971428571428571,2.171428571428571,5.0,0.01428571428571429
2015-12-06,44.0,20.0,289.6685791015625,6.311042785644531,12.87142857142857,18.08571428571429,7.585714285714287,3.357142857142857,1.714285714285714,0.0
2015-12-13,44.0,120.0,289.5900024414062,4.942040503025055,13.38214285714286,19.839285714285715,6.661904761904762,2.6857142857142855,3.5238095238095237,1.1809523809523808
2015-12-20,44.0,120.0,289.51142578124995,3.926377683877945,13.228571428571428,18.471428571428575,6.7785714285714285,2.7309523809523806,3.714285714285714,1.0857142857142856
2015-12-27,40.0,120.0,289.43284912109374,3.4426498413085938,12.92142857142857,17.682142857142857,8.907142857142858,2.6404761904761904,3.9523809523809526,1.5238095238095237
2016-01-03,36.0,120.0,289.35427246093747,2.4409517496824265,13.467857142857142,17.58928571428571,8.321428571428571,2.6619047619047618,4.214285714285714,2.119047619047619
2016-01-10,36.0,20.0,289.2756958007812,1.003745913505554,14.74285714285714,17.22857142857142,10.22857142857143,4.342857142857143,5.428571428571429,3.814285714285714
2016-01-17,36.0,20.0,288.8928527832031,1.612804532051086,11.5,16.42857142857143,6.414285714285714,2.399999999999999,3.714285714285714,2.414285714285714
2016-01-24,36.0,20.0,288.8057250976562,0.8362137675285339,14.75714285714285,18.61428571428571,10.77142857142857,2.042857142857143,2.857142857142857,2.628571428571429
2016-01-31,36.0,120.0,288.8685607910156,1.037241458892822,12.2,17.3,6.2,1.657142857142857,6.571428571428571,3.842857142857143
2016-02-07,34.0,1680.0,288.5228576660156,1.41202974319458,12.58571428571429,18.12857142857143,7.471428571428571,2.6,4.428571428571429,0.8285714285714285
2016-02-14,37.0,1040.0,288.30712890625,0.8810233473777771,14.97142857142857,16.71428571428572,13.57142857142857,4.142857142857143,6.285714285714286,4.857142857142857
2016-02-21,64.0,20.0,287.7314147949219,1.210529208183289,10.3,15.97142857142857,4.371428571428572,3.014285714285715,5.0,1.542857142857143
2016-02-28,25.0,20.0,287.4542846679688,1.263763070106506,11.01428571428571,15.62857142857143,5.5,3.085714285714285,5.285714285714286,4.5
2016-03-06,38.0,680.0,287.2414245605469,0.8918409943580627,11.0,17.72857142857143,3.757142857142857,2.3,7.142857142857143,0.1571428571428572
2016-03-13,43.2,120.0,287.16357421875,2.237446733883449,11.816326530612246,17.010204081632654,4.4,2.733333333333333,5.682539682539682,2.180952380952381
2016-03-20,53.0,20.0,287.0857238769531,1.502734065055847,11.02857142857143,17.22857142857143,3.942857142857143,1.6,5.285714285714286,2.785714285714286
2016-03-27,36.0,20.0,287.2228393554688,3.240098237991333,12.11428571428572,18.05714285714286,4.428571428571429,2.2,5.857142857142857,1.742857142857143
2016-04-03,77.0,20.0,287.3899841308594,6.672138214111328,12.28571428571429,17.74285714285714,6.0,2.7,4.571428571428571,1.2
2016-04-10,37.0,40.0,287.0442810058594,4.921499729156494,13.31428571428571,18.92857142857143,7.485714285714285,2.957142857142857,7.285714285714286,2.014285714285715
2016-04-17,36.0,20.0,287.2485656738281,1.157158732414246,14.52857142857143,17.88571428571428,11.38571428571428,3.342857142857143,4.714285714285714,6.157142857142857
2016-04-24,36.0,20.0,288.182861328125,0.9445412158966064,15.55714285714286,20.65714285714286,10.65714285714286,2.428571428571428,5.285714285714286,1.071428571428571
2016-05-01,209.0,236523.0,288.7342834472656,2.007389545440674,14.84285714285714,22.11428571428571,6.814285714285715,2.142857142857143,5.714285714285714,0.0
2016-05-08,277.0,40.0,288.9242858886719,10.49495124816895,17.71428571428572,22.58571428571429,13.48571428571429,3.414285714285715,3.0,8.585714285714285
2016-05-15,197.0,480.0,288.90283203125,1.921414613723755,14.84285714285714,19.45714285714286,10.62857142857143,2.971428571428572,6.142857142857143,10.97142857142857
2016-05-22,86.0,20.0,289.6328430175781,1.624822378158569,16.91428571428571,24.12857142857143,9.142857142857142,2.1,7.428571428571429,0.0
2016-05-29,186.0,20.0,289.8542785644531,1.184145092964172,16.67142857142857,21.41428571428571,10.77142857142857,2.528571428571428,5.142857142857143,1.957142857142857
2016-06-05,101.0,80.0,290.6600036621094,1.891973495483398,17.38571428571428,24.77142857142857,8.757142857142856,1.728571428571428,4.571428571428571,0.0
2016-06-12,57.0,20.0,291.2999877929688,5.031326770782471,20.37142857142857,27.54285714285714,13.01428571428571,2.342857142857143,6.428571428571429,0.0
2016-06-19,61.0,20.0,290.6614074707031,5.066908359527588,18.92857142857143,25.6,11.87142857142857,2.5,6.285714285714286,0.2
2016-06-26,85.0,80.0,290.8685607910156,2.629589080810547,20.3,28.04285714285714,12.88571428571428,1.942857142857143,6.857142857142857,0.0
2016-07-03,65.0,20.0,290.894287109375,4.102410793304443,21.57142857142857,29.87142857142857,13.52857142857143,2.357142857142857,7.714285714285714,0.0
2016-07-10,61.0,240.0,291.5014343261719,3.559728622436523,20.84285714285715,29.04285714285714,14.1,1.657142857142857,6.0,0.0
2016-07-17,59.0,20.0,291.3514099121094,4.354415416717529,21.91428571428572,29.7,13.25714285714286,2.357142857142857,5.857142857142857,0.0
2016-07-24,63.0,20.0,291.845703125,2.805084705352783,22.08571428571429,30.61428571428572,14.12857142857143,2.2,5.428571428571429,0.0
2016-07-31,36.0,240.0,291.9985656738281,4.392092227935791,20.7,28.05714285714286,13.0,2.0,6.142857142857143,0.0
2016-08-07,63.0,320.0,291.8585815429688,1.700791120529175,22.28571428571428,30.97142857142857,13.42857142857143,2.185714285714286,6.0,0.0
2016-08-14,229.0,20.0,291.9842834472656,1.37351393699646,24.29999999999999,33.27142857142857,14.95714285714286,2.028571428571429,5.285714285714286,0.0
2016-08-21,193.0,40.0,292.4071350097656,2.771793365478516,20.04285714285714,27.21428571428572,12.24285714285714,1.871428571428571,6.285714285714286,0.04285714285714286
2016-08-28,114.0,40.0,292.8014221191406,1.585349559783936,21.85714285714286,31.25714285714286,12.94285714285714,1.585714285714286,6.285714285714286,0.0
2016-09-04,165.0,20.0,292.6971435546875,1.566510558128357,20.17142857142857,27.9,12.84285714285714,1.657142857142857,6.714285714285714,0.0
2016-09-11,66.0,80.0,292.6357116699219,2.916019439697266,22.11428571428572,30.14285714285714,14.17142857142857,2.042857142857143,6.285714285714286,0.0
2016-09-18,44.0,20.0,291.9942626953125,2.81549859046936,18.51428571428571,26.52857142857143,10.54285714285714,1.771428571428572,5.0,2.114285714285714
2016-09-25,42.0,80.0,291.0771179199219,4.058497905731201,17.48571428571428,25.88571428571428,8.77142857142857,1.671428571428571,6.714285714285714,0.05714285714285715
2016-10-02,37.0,80.0,291.0657043457031,4.819341659545898,19.85714285714286,28.71428571428572,11.91428571428571,2.1,4.714285714285714,0.0
2016-10-09,57.0,120.0,290.7314147949219,8.168428421020508,15.24285714285714,25.34285714285715,6.014285714285713,1.342857142857143,3.0,0.0
2016-10-16,120.0,520.0,290.4985656738281,4.24468469619751,15.34285714285714,21.02857142857143,8.485714285714286,1.542857142857143,4.0,2.157142857142857
2016-10-23,126.0,200.0,290.9014282226562,3.049985408782959,17.44285714285714,21.67142857142857,12.58571428571429,1.928571428571429,2.714285714285714,3.4
2016-10-30,96.0,160.0,291.4400024414062,1.86608612537384,20.05714285714286,25.47142857142857,16.27142857142857,3.014285714285714,1.714285714285714,4.642857142857143
2016-11-06,94.5,120.0,291.1866658528645,3.6303289731343593,15.633333333333331,21.58571428571429,11.492857142857144,2.3089285714285714,3.3928571428571423,4.605357142857143
2016-11-13,77.5,120.0,290.9333292643229,2.5321041345596313,15.39047619047619,20.164285714285715,10.925,2.3387755102040813,3.204081632653061,5.263265306122449
2016-11-20,36.0,600.0,290.6799926757812,2.842418670654297,14.14285714285714,19.5,8.62857142857143,2.471428571428571,3.142857142857143,5.671428571428572
2016-11-27,52.0,120.0,289.8957214355469,1.610370516777039,11.57142857142857,16.5,6.214285714285714,2.714285714285714,4.571428571428571,9.271428571428572
2016-12-04,40.0,20.0,289.5814208984375,1.579079389572144,13.78571428571429,16.81428571428571,11.12857142857143,3.357142857142857,3.285714285714286,11.7
2016-12-11,41.4,120.0,289.7749938964844,1.8318212985992435,12.108571428571429,17.020000000000003,7.045714285714287,2.6914285714285713,3.6285714285714277,6.277142857142858
2016-12-18,43.0,160.0,289.9685668945312,1.369519829750061,11.72857142857143,16.32857142857143,6.557142857142857,2.642857142857143,4.142857142857143,4.728571428571429
2016-12-25,36.0,80.0,289.46142578125,1.757718086242676,9.314285714285715,15.95714285714286,2.7,2.271428571428571,3.0,0.01428571428571429
2017-01-01,36.0,80.0,289.21285247802734,1.6576965153217318,10.3,15.878571428571428,4.62857142857143,2.576190476190476,3.8571428571428563,4.973809523809524
2017-01-08,37.75,120.0,288.9642791748047,1.5494337975978851,9.571428571428571,15.635714285714286,2.595238095238095,2.688095238095238,3.9523809523809526,4.030952380952381
2017-01-15,36.0,120.0,288.71570587158203,1.5476985692977905,10.457142857142857,15.822857142857142,1.914285714285714,2.528571428571428,3.8809523809523814,3.0666666666666664
2017-01-22,36.0,20.0,288.4671325683594,1.924468755722046,6.371428571428571,14.41428571428571,-1.471428571428572,1.971428571428571,3.285714285714286,0.0
2017-01-29,36.0,20.0,287.9242858886719,1.146028518676758,10.87142857142857,15.84285714285714,4.514285714285714,2.5,4.857142857142857,4.128571428571429
2017-02-05,41.0,20.0,287.7728576660156,1.540757656097412,14.0,16.57142857142857,10.52857142857143,3.385714285714285,5.142857142857143,3.614285714285714
2017-02-12,52.0,20.0,287.6671447753906,1.921912908554077,10.6,15.15714285714286,5.842857142857143,2.4,2.857142857142857,5.914285714285714
2017-02-19,36.0,20.0,287.7671508789062,2.109540224075317,13.01428571428571,18.62857142857143,8.1,2.914285714285714,3.285714285714286,0.9714285714285714
2017-02-26,36.0,40.0,287.6485595703125,1.079465270042419,12.87142857142857,18.82857142857143,7.114285714285714,2.257142857142857,4.714285714285714,0.0
2017-03-05,36.0,20.0,287.8085632324219,1.275364875793457,12.74285714285714,17.05714285714286,8.085714285714285,2.414285714285714,4.714285714285714,5.642857142857143
2017-03-12,36.0,20.0,288.2485656738281,3.475370407104492,14.77142857142857,22.01428571428571,7.142857142857143,2.4,5.142857142857143,0.0
2017-03-19,36.0,20.0,288.0485534667969,7.581831932067871,14.48571428571428,20.45714285714286,8.642857142857142,2.6,3.142857142857143,0.09999999999999999
2017-03-26,36.0,20.0,287.8142700195312,3.961685657501221,11.54285714285714,15.97142857142857,7.285714285714286,3.185714285714286,6.571428571428571,7.242857142857143
2017-04-02,36.0,20.0,287.971435546875,4.760753154754639,13.37142857142857,19.87142857142857,5.42857142857143,1.857142857142857,4.285714285714286,0.1142857142857143
2017-04-09,116.0,20.0,288.4857177734375,5.527209281921387,16.18571428571429,25.22857142857143,7.6,2.314285714285714,3.285714285714286,0.0
2017-04-16,52.0,120.0,288.95143127441406,3.519709510462625,15.03877551020408,21.577551020408162,7.8828571428571435,2.439285714285714,4.196428571428571,1.1375
2017-04-23,36.0,920.0,289.4171447753906,0.6208905577659607,18.17142857142857,24.6,11.68571428571429,2.185714285714286,3.571428571428572,0.0
2017-04-30,36.0,1880.0,289.8185729980469,0.5996414422988892,15.31428571428571,22.07142857142857,7.414285714285714,2.6,4.571428571428571,0.1571428571428572
2017-05-07,36.0,240.0,290.1142883300781,1.585954546928406,16.2,22.84285714285715,8.342857142857143,2.371428571428571,3.0,1.485714285714286
2017-05-14,54.8,120.0,290.5592803955078,0.9158263802528381,17.988095238095237,24.63095238095238,10.89714285714286,2.371428571428571,4.714285714285715,0.353061224489796
2017-05-21,130.0,360.0,291.0042724609375,0.9597488045692444,20.0,27.21428571428572,13.48571428571429,2.600000000000001,5.571428571428571,0.0
2017-05-28,36.0,120.0,291.0542907714844,0.6950217485427856,19.37142857142857,24.95714285714286,13.55714285714286,1.828571428571429,5.142857142857143,0.5571428571428572
2017-06-04,36.0,1346.6666666666667,291.4042663574219,1.033701181411743,18.87142857142857,26.09999999999999,11.72857142857143,2.7000000000000006,7.857142857142857,0.2714285714285714
2017-06-11,64.5,120.0,291.75331624348956,1.0117615818977357,20.1,26.737142857142857,13.439285714285715,2.391836734693878,6.0,0.5102040816326532
2017-06-18,41.0,120.0,292.1023661295573,1.2741941710313163,20.107142857142858,26.53571428571428,13.339285714285715,2.395238095238095,6.5,0.34761904761904766
2017-06-25,56.0,4560.0,292.451416015625,0.524982213973999,21.87142857142857,28.48571428571428,14.98571428571428,1.957142857142857,7.142857142857143,0.0
2017-07-02,36.0,23720.0,291.8785705566406,1.845353960990906,20.38571428571429,26.92857142857143,13.08571428571429,2.942857142857143,6.285714285714286,0.3285714285714286
2017-07-09,36.0,13200.0,291.2156982421875,2.586357116699219,20.14285714285714,25.52857142857143,14.85714285714286,2.342857142857143,7.0,0.9285714285714286
2017-07-16,40.0,120.0,291.1957092285156,3.5891796946525574,21.164285714285715,28.302380952380954,14.108571428571429,2.45,7.285714285714286,0.2166666666666667
2017-07-23,36.0,160.0,291.1757202148438,3.453585624694824,20.24285714285714,26.5,13.72857142857143,2.685714285714286,7.571428571428571,0.04285714285714286
2017-07-30,36.0,13280.0,290.6071472167969,7.040207386016846,22.62857142857143,31.65714285714286,13.88571428571429,2.428571428571428,8.0,0.0
2017-08-06,49.5,40.0,290.6128540039062,6.084591865539551,21.71428571428572,30.71428571428572,12.44285714285714,2.342857142857143,7.714285714285714,0.0
2017-08-13,38.3,120.0,290.43785095214844,4.451881627241771,21.130952380952383,29.52857142857143,13.277142857142854,2.2160714285714285,7.0,0.14107142857142857
2017-08-20,34.0,40.0,290.2628479003906,5.244164943695068,22.31428571428572,32.2,13.31428571428571,2.142857142857143,7.571428571428571,0.0
2017-08-27,36.0,1360.0,291.0657043457031,1.969408631324768,19.78571428571428,27.3,13.01428571428571,1.442857142857143,5.571428571428571,0.0
2017-09-03,36.0,900.0,291.4757080078125,2.919331312179565,20.1,28.8,11.54285714285714,2.0,5.714285714285714,0.1571428571428572
2017-09-10,90.0,720.0,291.0928344726562,2.85059118270874,20.34285714285714,29.04285714285714,12.28571428571429,2.342857142857143,6.857142857142857,0.0
2017-09-17,48.0,120.0,290.12855529785156,4.359769906316485,19.17142857142857,28.059183673469388,10.597142857142856,1.7408163265306125,5.653061224489796,0.024489795918367356
2017-09-24,43.0,120.0,289.1642761230469,9.519292831420898,15.95714285714286,25.1,6.885714285714285,1.485714285714286,4.857142857142857,0.01428571428571429
2017-10-01,35.0,520.0,289.567138671875,5.219569206237793,17.28571428571428,26.27142857142857,9.257142857142856,1.442857142857143,5.571428571428571,0.0
2017-10-08,36.0,50.0,290.2357177734375,2.79603123664856,18.41428571428571,27.7,10.02857142857143,1.328571428571429,3.428571428571428,0.0
2017-10-15,61.0,120.0,290.6692810058594,3.7622676889101663,17.56190476190476,25.21428571428571,10.022857142857143,1.9928571428571429,4.339285714285714,0.9732142857142857
2017-10-22,86.0,200.0,291.1028442382812,1.461272001266479,17.8,22.11428571428571,13.44285714285714,1.642857142857143,5.714285714285714,3.7
2017-10-29,105.0,80.0,291.3714294433594,2.102082252502441,19.12857142857143,28.07142857142857,10.5,3.028571428571428,1.285714285714286,0.0
2017-11-05,37.0,20.0,291.5400085449219,1.475358605384827,16.78571428571428,22.02857142857143,10.72857142857143,2.7,4.0,4.071428571428571
2017-11-12,115.0,1160.0,290.8257141113281,3.300481081008911,12.41428571428571,20.44285714285715,4.899999999999999,1.971428571428572,3.0,0.0
2017-11-19,17.0,120.0,290.0871276855469,2.720724105834961,11.42857142857143,20.37142857142857,3.957142857142858,1.857142857142857,4.0,0.0
2017-11-26,19.0,200.0,290.1271362304688,1.660334229469299,15.08571428571429,19.87142857142857,9.442857142857141,3.214285714285715,2.714285714285714,1.9
2017-12-03,36.0,20.0,289.9356994628906,2.06173849105835,10.38571428571429,15.04285714285714,5.242857142857143,3.214285714285714,3.0,3.8
2017-12-10,36.0,80.0,289.3299865722656,1.469815850257874,11.24285714285714,16.21428571428572,6.528571428571429,2.628571428571429,2.857142857142857,2.9
2017-12-17,36.0,3560.0,288.9457092285156,1.019280314445496,10.87142857142857,16.28571428571428,4.671428571428571,2.342857142857143,5.0,3.428571428571428
2017-12-24,36.0,80.0,288.7371215820312,1.75056517124176,9.157142857142858,15.91428571428571,2.114285714285714,2.471428571428571,1.428571428571429,0.0
2017-12-31,36.0,1400.0,288.4842834472656,1.029023408889771,13.55714285714286,17.42857142857143,8.657142857142857,2.128571428571429,5.285714285714286,1.071428571428571
2018-01-07,36.0,20.0,288.4185485839844,0.7233238220214844,11.45714285714286,16.14285714285714,5.971428571428571,1.585714285714286,5.857142857142857,3.457142857142857
2018-01-14,36.0,600.0,287.9371337890625,1.368328452110291,9.742857142857144,15.04285714285714,3.714285714285715,2.057142857142857,5.285714285714286,6.328571428571429
2018-01-21,36.0,80.0,287.6600036621094,1.838541746139526,10.82857142857143,16.92857142857143,3.614285714285714,1.571428571428571,5.0,0.0
2018-01-28,36.0,40.0,287.4242858886719,1.366561889648438,9.542857142857143,16.4,2.542857142857143,1.971428571428572,4.857142857142857,0.7999999999999999
2018-02-04,36.0,120.0,287.1471252441406,0.8789095282554626,11.24285714285714,16.41428571428571,5.171428571428572,3.257142857142857,5.0,0.6285714285714287
2018-02-11,36.0,40.0,286.7571411132812,0.9377625584602356,8.9,14.5,3.7,3.1,8.0,0.0
2018-02-18,36.0,20.0,286.5428466796875,1.247030377388,10.51428571428572,16.44285714285714,2.757142857142857,1.585714285714286,3.857142857142857,0.4
2018-02-25,36.0,120.0,286.7128601074219,5.672971248626709,10.85714285714286,18.67142857142857,1.7,2.457142857142857,1.142857142857143,0.0
2018-03-04,36.0,120.0,286.84047444661456,1.9866035381952918,11.032936507936506,16.491666666666664,4.235714285714286,2.743452380952381,5.084821428571428,1.2592261904761906
2018-03-11,36.0,120.0,286.9680887858073,2.1372808516025543,11.259126984126985,16.69928571428571,4.710714285714285,2.854166666666667,5.102678571428571,1.8556547619047619
2018-03-18,36.0,560.0,287.095703125,2.011794567108154,12.9,16.17142857142857,8.785714285714285,3.442857142857143,5.571428571428571,5.628571428571429
2018-03-25,36.0,1000.0,286.8671264648438,1.171152949333191,11.78333333333333,16.75,5.600000000000001,3.433333333333333,6.0,2.066666666666667
2018-04-01,36.0,7120.0,286.894287109375,1.782973408699036,12.6,17.66,5.799999999999999,2.7,6.25,0.55
2018-04-08,36.0,640.0,287.3985595703125,2.907474756240845,13.21428571428571,17.25714285714286,8.0,2.857142857142857,5.0,5.571428571428571
2018-04-15,25.0,40.0,287.0128479003906,1.930571913719177,12.57142857142857,16.75714285714286,7.985714285714287,3.2,6.714285714285714,5.928571428571429
2018-04-22,36.0,120.0,287.9785461425781,10.51213550567627,14.9,21.14285714285714,8.785714285714286,1.642857142857143,1.857142857142857,3.414285714285714
2018-04-29,36.0,2000.0,288.1000061035156,0.7878625392913818,15.35714285714286,22.74285714285714,8.914285714285715,2.385714285714286,6.714285714285714,0.7285714285714285
2018-05-06,36.0,40.0,288.0614318847656,7.938604354858398,14.1,22.08571428571429,5.899999999999999,2.042857142857143,5.285714285714286,0.02857142857142857
2018-05-13,36.0,360.0,288.4685668945312,5.786103248596191,15.27142857142857,21.45714285714286,8.5,2.814285714285715,6.857142857142857,0.0
2018-05-20,36.0,2440.0,288.3257141113281,2.064595699310303,16.82857142857143,24.4,8.028571428571428,2.1,4.285714285714286,0.0
2018-05-27,36.0,8760.0,289.3399963378906,0.4873039722442627,15.9,21.18571428571429,10.02857142857143,1.785714285714286,5.285714285714286,0.9571428571428572
2018-06-03,36.0,28800.0,289.2614135742188,1.299368858337402,16.34285714285715,21.71428571428572,11.74285714285714,2.571428571428572,7.142857142857143,0.01428571428571429
2018-06-10,36.0,18120.0,289.1485595703125,1.323055744171143,16.34285714285715,20.22857142857143,12.67142857142857,2.242857142857143,6.285714285714286,1.285714285714286
2018-06-17,36.0,16480.0,289.1385498046875,5.908439159393311,19.62857142857143,26.81428571428571,12.85714285714286,2.585714285714286,6.857142857142857,0.08571428571428573
2018-06-24,36.0,1120.0,290.6485595703125,4.109061241149902,20.47142857142857,27.04285714285714,15.4,1.742857142857143,5.0,0.9
2018-07-01,36.0,3360.0,291.0556945800781,0.8327321410179138,18.71428571428572,24.25714285714286,12.75714285714286,1.914285714285714,6.571428571428571,0.9571428571428572
2018-07-08,36.0,8960.0,291.7257080078125,1.559229373931885,20.11428571428571,25.68571428571429,13.71428571428571,2.357142857142857,7.142857142857143,0.02857142857142857
2018-07-15,134.0,7400.0,291.5428466796875,0.8619020581245422,19.8,24.45714285714286,15.24285714285714,1.985714285714286,6.0,0.0
2018-07-22,137.0,16980.0,291.4342651367188,3.186519145965576,21.07142857142857,27.87142857142857,13.3,2.885714285714286,7.714285714285714,0.0
2018-07-29,87.0,16920.0,291.9785766601562,16.97255706787109,18.97142857142857,25.18571428571429,11.67142857142857,2.014285714285714,7.0,0.0
2018-08-05,101.0,2320.0,291.8128356933594,3.5545494556427,24.61428571428572,34.82857142857143,16.07142857142857,1.528571428571429,5.0,0.0
2018-08-12,36.0,200.0,291.2899780273438,6.144402503967285,21.32857142857143,29.94285714285715,13.74285714285714,2.7,7.857142857142857,0.0
2018-08-19,36.0,8240.0,291.3085632324219,8.66338062286377,20.61428571428571,28.27142857142857,13.14285714285714,1.914285714285714,6.428571428571429,0.0
2018-08-26,36.0,1320.0,292.1142883300781,4.246705532073975,20.14285714285714,28.38571428571428,13.02857142857143,1.542857142857143,6.285714285714286,0.0
2018-09-02,36.0,720.0,291.5899963378906,5.953615188598633,20.15714285714286,28.37142857142857,13.08571428571429,1.571428571428571,6.285714285714286,0.0
2018-09-09,36.0,880.0,291.9885559082031,0.8191261291503906,19.2,24.22857142857143,14.6,1.7,5.428571428571429,0.0
2018-09-16,36.0,3920.0,292.5714111328125,2.596799850463867,20.02857142857143,28.05714285714286,12.74285714285714,1.285714285714286,4.428571428571429,0.0
2018-09-23,36.0,2120.0,292.2085571289062,1.908205270767212,19.84285714285715,29.57142857142857,10.92857142857143,1.342857142857143,5.571428571428571,0.0
2018-09-30,36.0,1600.0,292.3642883300781,3.243232250213623,20.67142857142857,29.81428571428572,12.94285714285714,1.385714285714286,3.714285714285714,0.0
2018-10-07,36.0,160.0,292.2957153320312,9.050704002380371,18.58571428571429,28.88571428571428,8.500000000000002,2.014285714285714,3.142857142857143,0.0
2018-10-14,36.0,200.0,291.9499816894531,3.183438777923584,17.95714285714286,24.31428571428571,11.1,2.7,3.571428571428572,0.4428571428571429
2018-10-21,124.0,920.0,291.5185546875,1.917712569236755,17.54285714285714,23.61428571428572,12.23333333333333,2.042857142857143,4.857142857142857,1.983333333333333
2018-10-28,86.0,800.0,291.1842956542969,1.594708800315857,16.6,22.92857142857143,11.07142857142857,2.571428571428572,4.428571428571429,0.2285714285714286
2018-11-04,36.0,1280.0,289.1385803222656,0.6707185506820679,13.18571428571429,17.72857142857143,6.814285714285715,2.2,6.285714285714286,5.457142857142857
2018-11-11,36.0,680.0,288.6642761230469,1.905213594436646,14.28,18.3,8.74,2.38,5.6,2.46
2018-11-18,36.0,1000.0,288.8528442382812,2.253890514373779,16.7,20.08333333333333,13.6,3.35,2.5,5.2
2018-11-25,73.0,480.0,288.7628479003906,1.329220175743103,13.81666666666666,17.64285714285714,8.683333333333334,2.783333333333333,5.333333333333333,4.100000000000001
2018-12-02,36.0,400.0,288.6314086914062,1.910607933998108,10.13333333333333,17.08571428571429,3.6,1.4,3.166666666666667,3.7
2018-12-09,36.0,240.0,288.8399963378906,1.61532461643219,10.94285714285714,18.32857142857143,4.857142857142857,1.814285714285714,2.285714285714286,0.01428571428571429
2018-12-16,36.0,120.0,288.605712890625,1.111284971237183,12.97142857142857,17.64285714285714,7.185714285714286,2.828571428571429,3.714285714285714,2.357142857142857
2018-12-23,36.0,200.0,288.4485473632812,1.586187362670898,10.95,16.3,3.2,2.5,3.0,3.4
2018-12-30,36.0,20.0,288.2857055664062,1.219901561737061,11.55,16.02857142857143,7.333333333333335,3.033333333333333,1.333333333333333,0.01666666666666667
2019-01-06,36.0,120.0,288.1042785644531,1.9681767736162459,10.742857142857142,16.593877551020405,4.195238095238095,2.373544973544974,3.753968253968254,1.966931216931217
2019-01-13,36.0,20.0,287.9228515625,4.740656852722168,7.357142857142857,15.42857142857143,-0.4857142857142858,2.385714285714286,1.0,0.0
2019-01-20,36.0,20.0,287.6785583496094,2.580724954605103,9.857142857142858,15.64285714285714,3.742857142857143,1.871428571428572,5.857142857142857,3.785714285714286
2019-01-27,36.0,160.0,287.5685729980469,0.9231570959091187,11.57142857142857,16.78571428571428,5.385714285714286,2.314285714285714,6.142857142857143,0.09999999999999999
2019-02-03,36.0,80.0,287.201416015625,0.9733015894889832,11.52857142857143,15.62857142857143,6.728571428571429,3.214285714285715,7.285714285714286,4.328571428571428
2019-02-10,36.0,40.0,286.835693359375,1.314611792564392,8.02,17.05714285714286,0.36,1.64,2.8,0.0
2019-02-17,36.0,80.0,287.0885620117188,2.160645484924316,12.63333333333333,18.95714285714286,5.899999999999999,2.4,1.0,1.366666666666666
2019-02-24,36.0,80.0,287.3957214355469,1.880269050598145,13.23333333333333,20.16666666666667,4.966666666666666,2.5,2.0,0.0
2019-03-03,36.0,440.0,287.7614135742188,4.262840270996094,12.3,20.31428571428571,3.92,1.62,6.4,0.0
2019-03-10,36.0,200.0,287.8200073242188,3.708722591400146,13.04285714285714,18.74285714285714,6.557142857142856,2.571428571428572,4.428571428571429,2.157142857142857
2019-03-17,36.0,80.0,287.8042907714844,3.8663010597229,12.08571428571429,21.0,3.871428571428571,1.971428571428572,3.142857142857143,0.0
2019-03-24,36.0,1280.0,287.6485595703125,10.86660861968994,14.7,22.57142857142857,5.971428571428571,2.685714285714286,1.0,0.0
2019-03-31,36.0,540.0,288.1457214355469,1.698671460151672,15.7,23.8,7.157142857142857,2.528571428571429,1.857142857142857,0.0
2019-04-07,36.0,120.0,287.9949951171875,3.788249560764857,14.122448979591836,20.957142857142856,6.454285714285715,2.3212698412698414,4.155555555555555,0.9920634920634919
2019-04-14,36.0,80.0,287.8442687988281,2.442353248596191,13.77142857142857,19.01428571428571,7.385714285714286,2.185714285714286,5.428571428571429,0.7857142857142857
2019-04-21,36.0,240.0,288.3914184570312,2.096630096435547,14.87142857142857,20.78571428571428,7.885714285714286,2.385714285714286,4.428571428571429,2.971428571428572
2019-04-28,36.0,200.0,288.4071350097656,1.838459849357605,14.68571428571428,20.78571428571428,7.57142857142857,3.142857142857143,5.0,3.014285714285714
2019-05-05,36.0,480.0,288.7914123535156,5.13390064239502,16.24285714285714,24.9,6.928571428571429,1.8,5.714285714285714,0.0
2019-05-12,36.0,80.0,289.6557006835938,1.5738365650177,18.1,23.05714285714286,13.58571428571429,2.285714285714286,4.142857142857143,1.285714285714286
2019-05-19,36.0,1120.0,290.0642700195312,2.317246437072754,18.62857142857143,25.25714285714286,11.68571428571429,2.742857142857143,6.285714285714286,0.0
2019-05-26,36.0,40.0,289.6214294433594,2.505586385726929,18.25714285714286,26.51428571428571,8.642857142857142,2.600000000000001,6.571428571428571,0.0
2019-06-02,36.0,120.0,289.7214050292969,10.88956260681152,21.91428571428571,31.38571428571429,12.17142857142857,2.257142857142857,5.0,0.0
2019-06-09,36.0,120.0,289.8285522460938,3.55193567276001,16.15714285714285,23.05714285714286,8.128571428571428,2.428571428571428,6.714285714285714,0.3714285714285714
2019-06-16,36.0,120.0,289.92213439941406,3.9751188755035396,18.708163265306123,25.55102040816326,10.360000000000001,2.2825396825396824,5.904761904761905,0.26349206349206356
2019-06-23,36.0,20.0,290.0157165527344,1.003203392028809,17.45714285714286,22.65714285714285,10.8,2.185714285714286,5.428571428571429,0.4714285714285714
2019-06-30,36.0,20.0,290.96142578125,3.772929430007935,19.18571428571429,25.68571428571428,12.05714285714286,1.957142857142857,7.142857142857143,0.2428571428571429
2019-07-07,36.0,40.0,290.6871337890625,3.785368204116821,19.35714285714286,24.3,14.05714285714286,2.257142857142857,5.857142857142857,0.0
2019-07-14,177.0,160.0,291.9442749023438,1.756593465805054,20.64285714285714,26.92857142857143,15.1,1.828571428571429,6.0,0.0
2019-07-21,133.0,280.0,291.1028442382812,2.541417360305786,21.62857142857143,29.11428571428571,15.11428571428572,2.957142857142857,8.0,0.0
2019-07-28,118.8,120.0,290.78855895996094,4.479410682405744,20.5265306122449,27.516326530612243,14.180000000000001,2.2793650793650793,6.793650793650794,0.11428571428571427
2019-08-04,62.0,80.0,290.4742736816406,5.540427207946777,21.02857142857143,28.95714285714286,13.25714285714286,2.814285714285714,7.714285714285714,0.0
2019-08-11,186.0,160.0,291.1185607910156,2.851378679275513,20.0,26.22857142857143,13.37142857142857,2.171428571428571,6.428571428571429,0.3142857142857143
2019-08-18,117.0,80.0,290.1257019042969,11.10776042938232,21.84285714285715,31.4,12.12857142857143,2.385714285714286,7.857142857142857,0.0
2019-08-25,149.0,760.0,291.5442810058594,8.397947311401367,20.74285714285714,28.98571428571429,13.12857142857143,1.957142857142857,6.714285714285714,0.0
2019-09-01,103.0,560.0,291.4828491210938,7.885323047637939,19.75714285714286,29.37142857142857,11.07142857142857,1.728571428571428,7.714285714285714,0.0
2019-09-08,113.0,640.0,291.7385559082031,9.945215225219727,20.48571428571428,29.78571428571428,11.2,1.657142857142857,4.142857142857143,0.0
2019-09-15,99.0,160.0,290.9457092285156,3.654148817062378,22.27142857142857,29.65714285714286,14.41428571428571,2.614285714285714,3.0,0.0
2019-09-22,85.0,680.0,291.2271423339844,1.312297582626343,17.74285714285714,23.12857142857143,12.04285714285714,1.4,4.714285714285714,2.1
2019-09-29,118.0,480.0,291.2756958007812,2.813810586929321,16.94285714285714,25.61428571428571,8.157142857142857,1.457142857142857,5.285714285714286,0.08571428571428572
2019-10-06,36.0,1240.0,290.5357055664062,5.764068603515625,17.37142857142857,26.47142857142857,8.842857142857143,1.628571428571429,6.714285714285714,0.0
2019-10-13,97.0,480.0,290.1314086914062,2.772345066070557,18.22857142857143,26.38571428571428,11.58571428571429,2.042857142857143,4.714285714285714,1.642857142857143
2019-10-20,115.0,160.0,290.2914123535156,1.601519227027893,15.48571428571428,20.68571428571429,9.599999999999998,1.928571428571429,5.571428571428571,2.942857142857143
2019-10-27,27.0,160.0,289.624267578125,1.112587571144104,14.2,21.38571428571428,7.085714285714285,1.971428571428571,3.714285714285714,0.0
2019-11-03,36.0,80.0,290.3428649902344,0.599626898765564,18.64285714285714,20.81428571428572,17.1,1.771428571428572,5.285714285714286,2.742857142857142
2019-11-10,36.0,120.0,289.6971435546875,1.649029970169067,14.1,19.64285714285714,7.999999999999999,2.242857142857143,7.0,0.5714285714285714
2019-11-17,36.0,240.0,288.13427734375,0.7741175889968872,12.77142857142857,17.98571428571429,6.528571428571429,2.142857142857143,7.428571428571429,2.642857142857143
2019-11-24,36.0,280.0,287.7756958007812,1.248643636703491,12.11428571428572,16.92857142857143,6.085714285714286,2.1,4.0,6.833333333333333
2019-12-01,36.0,160.0,287.9671325683594,0.7723428010940552,15.18571428571429,17.82857142857143,12.3,1.971428571428572,4.714285714285714,1.2
2019-12-08,36.0,200.0,287.5457153320312,1.575750827789307,11.5,16.67142857142857,5.228571428571429,2.028571428571429,1.571428571428571,0.0
2019-12-15,36.0,520.0,288.239990234375,1.218411803245544,11.64285714285714,16.77142857142857,5.285714285714286,1.8,4.714285714285714,1.3
2019-12-22,36.0,360.0,288.028564453125,1.928660035133362,14.6,16.8,11.7,3.6,5.857142857142857,6.128571428571428
2019-12-29,36.0,40.0,288.2200012207031,1.392004489898682,13.42857142857143,17.52857142857143,9.085714285714285,3.871428571428571,1.714285714285714,0.01428571428571429
2020-01-05,36.0,120.0,288.1164245605469,1.2509491784232003,11.965306122448979,16.56326530612245,7.171428571428573,2.5666666666666664,3.6507936507936503,1.6777777777777776
2020-01-12,36.0,160.0,288.0128479003906,1.089383602142334,8.814285714285715,16.2,1.114285714285714,1.942857142857143,4.285714285714286,0.02857142857142857
2020-01-19,36.0,20.0,287.9971313476562,0.765438437461853,13.52857142857143,17.51428571428572,8.671428571428573,3.142857142857143,4.285714285714286,2.971428571428571
2020-01-26,36.0,20.0,287.5757141113281,0.7869950532913208,10.24285714285714,14.45714285714286,6.728571428571429,2.614285714285714,1.714285714285714,1.085714285714286
2020-02-02,36.0,20.0,287.595703125,1.728722333908081,14.94285714285714,17.57142857142857,12.52857142857143,2.128571428571429,4.0,2.371428571428571
2020-02-09,36.0,160.0,287.9214172363281,3.447316408157349,12.34285714285714,19.0,6.014285714285714,1.885714285714286,3.142857142857143,0.08571428571428572
2020-02-16,36.0,20.0,287.8857116699219,2.030335664749146,11.4,17.8,5.342857142857142,0.9857142857142857,5.857142857142857,0.1428571428571428
2020-02-23,36.0,160.0,287.7842712402344,2.473394393920898,13.87142857142857,21.02857142857143,6.92857142857143,2.771428571428572,3.285714285714286,0.08571428571428572
2020-03-01,36.0,80.0,287.8685607910156,2.153118371963501,12.98571428571428,19.12857142857143,6.700000000000001,2.171428571428571,5.142857142857143,0.1428571428571428
2020-03-08,36.0,120.0,287.8928527832031,5.571573734283447,14.24285714285714,19.51428571428571,8.4,2.642857142857143,6.142857142857143,0.1428571428571428
2020-03-15,36.0,20.0,287.8714294433594,5.616294384002686,13.85714285714286,22.62857142857143,5.899999999999999,2.042857142857143,5.714285714285714,0.0
2020-03-22,36.0,40.0,287.4042663574219,1.487535834312439,13.74285714285714,19.6,7.814285714285715,2.5,3.857142857142857,0.4428571428571428
2020-03-29,63.0,20.0,287.5785827636719,1.739034414291382,13.27142857142857,20.58571428571429,5.471428571428571,2.228571428571429,3.571428571428572,0.0
2020-04-05,36.0,80.0,287.7456970214844,3.164990901947021,12.17142857142857,17.37142857142857,6.071428571428571,2.614285714285714,5.142857142857143,4.642857142857143
2020-04-12,36.0,20.0,288.1714172363281,1.671734094619751,15.54285714285714,20.24285714285714,11.27142857142857,1.771428571428571,5.285714285714286,4.657142857142857
2020-04-19,36.0,20.0,288.9271240234375,0.9527491927146912,14.52857142857143,19.6,8.6,2.614285714285714,5.285714285714286,8.014285714285714
2020-04-26,36.0,80.0,289.0499877929688,1.859706997871399,14.61428571428571,20.95714285714286,7.957142857142857,2.228571428571429,6.428571428571429,2.385714285714286
2020-05-03,36.0,20.0,289.8314208984375,3.56377124786377,16.81428571428571,22.91428571428571,11.14285714285714,2.257142857142857,5.0,0.6142857142857142
2020-05-10,36.0,20.0,290.8242797851562,1.542794942855835,17.8,22.54285714285714,12.74285714285714,2.628571428571429,6.571428571428571,2.671428571428571
2020-05-17,36.0,20.0,290.5628356933594,1.026677966117859,16.0,21.48571428571429,10.8,2.214285714285714,2.285714285714286,8.2
2020-05-24,63.0,80.0,290.9557189941406,1.287162661552429,18.67142857142857,27.97142857142857,9.328571428571427,1.671428571428571,5.0,0.0
2020-05-31,36.0,20.0,292.2242736816406,1.379645586013794,20.31428571428571,27.94285714285714,12.95714285714286,1.4,6.428571428571429,0.0
2020-06-07,36.0,120.0,292.3899841308594,0.6940157413482666,18.94285714285714,24.92857142857143,11.8,1.871428571428571,7.285714285714286,0.0
2020-06-14,63.0,400.0,290.5171508789062,3.116383790969849,17.22857142857143,23.57142857142857,10.01428571428571,2.414285714285715,7.428571428571429,0.09999999999999999
2020-06-21,36.0,560.0,290.5499877929688,3.930092811584473,18.64285714285714,26.47142857142857,9.485714285714286,2.371428571428571,7.571428571428571,0.01428571428571429
2020-06-28,36.0,240.0,290.6499938964844,10.64972305297852,21.41428571428571,29.35714285714286,14.45714285714286,2.285714285714286,7.571428571428571,0.02857142857142857
2020-07-05,36.0,360.0,290.345703125,5.35310697555542,21.1,30.47142857142857,12.08571428571429,2.328571428571429,7.571428571428571,0.0
2020-07-12,36.0,200.0,291.5771484375,1.940942645072937,19.97142857142857,26.52857142857143,12.32857142857143,1.628571428571429,6.428571428571429,0.0
2020-07-19,66.0,480.0,292.7599792480469,2.73387336730957,21.68,27.98,14.78333333333333,1.68,4.2,0.0
2020-07-26,70.0,200.0,292.6699829101562,1.232845544815063,22.8,31.62857142857143,14.05714285714286,2.185714285714286,5.285714285714286,0.06
2020-08-02,66.0,320.0,292.0357055664062,0.8613882064819336,21.2,29.41428571428571,12.67142857142857,2.271428571428571,6.428571428571429,0.0
2020-08-09,36.0,1640.0,292.1957092285156,3.236325025558472,22.24285714285714,31.24285714285714,13.97142857142857,2.3,7.428571428571429,0.0
2020-08-16,36.0,100.0,291.9956970214844,2.137629508972168,19.82857142857143,27.1,13.01428571428571,2.242857142857143,7.0,0.1285714285714286
2020-08-23,65.0,40.0,292.61572265625,2.359084367752075,21.55714285714286,28.15714285714286,15.24285714285714,1.885714285714286,6.142857142857143,0.01428571428571429
2020-08-30,36.0,500.0,292.5557250976562,2.443226337432861,21.85714285714286,30.71428571428572,13.6,2.628571428571429,8.0,0.0
2020-09-06,36.0,20.0,291.6128540039062,8.985607147216797,19.65714285714285,28.81428571428571,10.67142857142857,1.657142857142857,4.714285714285714,0.0
2020-09-13,171.0,2600.0,292.0885620117188,1.094368457794189,19.22857142857143,27.38571428571428,11.87142857142857,1.371428571428571,3.571428571428572,0.0
2020-09-20,36.0,40.0,292.72998046875,0.7571243047714233,19.68571428571429,23.85714285714286,15.3,2.2,3.857142857142857,4.228571428571429
2020-09-27,82.0,120.0,292.682861328125,1.631896018981934,19.55714285714286,25.04285714285714,13.9,2.014285714285715,6.285714285714286,0.01666666666666667
2020-10-04,119.0,360.0,291.1300048828125,2.109275817871094,16.62857142857143,24.62857142857143,8.114285714285716,2.1,7.571428571428571,0.2285714285714286
2020-10-11,71.0,80.0,290.5071411132812,6.814396858215332,17.85714285714286,26.67142857142857,9.471428571428572,1.614285714285714,7.571428571428571,0.01428571428571429
2020-10-18,70.0,40.0,289.4471435546875,4.089746952056885,14.84285714285714,23.25714285714286,6.785714285714286,2.228571428571429,4.285714285714286,0.0
2020-10-25,36.0,20.0,289.6885681152344,3.688993453979492,15.57142857142857,19.92857142857143,11.2,2.328571428571429,4.142857142857143,13.15
2020-11-01,104.2,120.0,289.45713806152344,3.324821489197867,16.09591836734694,22.171428571428574,10.122857142857145,2.2809523809523813,4.73015873015873,2.5119047619047614
2020-11-08,36.0,80.0,289.2257080078125,1.572376728057861,15.7,18.85714285714286,12.17142857142857,2.6,5.571428571428571,3.714285714285715
2020-11-15,308.0,20.0,289.4400024414062,3.786337614059448,15.45714285714286,20.22857142857143,10.98571428571429,2.357142857142857,2.428571428571428,0.08333333333333333
2020-11-22,36.0,160.0,289.5485534667969,1.212623000144958,16.61428571428571,21.62857142857143,12.37142857142857,2.785714285714286,1.857142857142857,0.02857142857142857
2020-11-29,36.0,120.0,289.3628540039062,1.337065100669861,12.68571428571429,17.58571428571429,7.871428571428572,2.5,2.857142857142857,5.371428571428572
2020-12-06,36.0,120.0,289.5357055664062,1.742340564727783,11.52857142857143,16.61428571428571,5.971428571428571,3.0,4.142857142857143,3.214285714285714
2020-12-13,36.0,280.0,288.7742919921875,0.7118533849716187,14.98571428571429,17.35714285714286,12.24285714285714,2.8,6.714285714285714,3.1
2020-12-20,36.0,120.0,288.9214172363281,1.377436995506287,12.38571428571429,17.54285714285714,5.600000000000001,2.128571428571429,5.428571428571429,6.042857142857143
2020-12-27,36.0,400.0,288.8914184570312,0.9232379198074341,10.78571428571429,16.14285714285715,4.4,2.128571428571429,2.714285714285714,0.1285714285714286
2021-01-03,36.0,320.0,288.8914184570312,1.1887172162532809,12.421428571428574,16.914285714285718,7.414285714285715,2.5114285714285716,4.371428571428571,3.5714285714285703
